25,68
25,132
0,458
0,457
25,194
25,260
25,259
25,258
25,257
0,456
0,455
0,454
0,453
0,452
0,451
39,4
39,3
39,2
0,450
0,449
39,1
39,0
38,4
38,3
38,2
38,1
38,0
37,3
37,2
37,1
37,0
0,448
0,447
36,3
36,2
36,1
36,0
35,3
35,2
35,1
35,0
34,3
34,2
34,1
34,0
0,446
33,3
33,2
33,1
33,0
0,445
0,444
0,443
0,442
0,441
0,440
0,439
0,438
0,437
0,436
0,435
0,434
0,433
0,432
0,431
0,430
0,429
0,428
0,427
0,426
0,425
0,424
0,423
0,422
32,3
32,2
0,421
32,1
32,0
0,420
0,419
31,3
31,2
0,418
31,1
31,0
0,417
0,416
30,5
30,4
30,3
30,2
0,415
30,1
30,0
0,414
0,413
0,412
0,411
0,410
0,409
0,408
0,407
0,406
0,405
0,404
0,403
0,402
0,401
0,400
0,399
0,398
0,397
0,396
0,395
0,394
0,393
0,392
0,391
0,390
0,389
0,388
0,387
0,386
0,385
0,384
0,319
0,318
0,317
29,3
29,2
29,1
29,0
