0,531
0,530
0,529
0,528
0,527
0,526
0,525
0,524
0,523
0,522
0,521
0,520
0,519
0,518
50,5
50,4
50,3
50,2
50,1
50,0
0,517
0,516
0,515
0,514
0,513
0,512
0,511
0,510
0,509
0,508
0,507
0,506
0,505
0,504
0,503
0,502
0,501
38,68
38,67
38,66
38,257
38,256
0,500
39,6
39,5
49,4
49,3
49,2
49,1
49,0
48,4
48,3
48,2
48,1
48,0
0,499
0,498
47,4
47,3
47,2
47,1
47,0
0,497
0,496
0,495
0,494
0,493
46,4
46,3
46,2
46,1
46,0
0,492
0,491
0,490
0,489
0,488
45,3
45,2
45,1
45,0
44,4
44,3
44,2
44,1
44,0
0,487
0,486
0,485
0,484
0,483
0,482
43,4
43,3
43,2
43,1
43,0
0,481
0,480
0,479
0,478
0,477
0,476
42,4
42,3
42,2
42,1
42,0
41,4
41,3
41,2
41,1
41,0
0,475
0,474
0,473
0,472
40,4
40,3
40,2
40,1
40,0
0,471
0,278
0,470
0,469
0,468
0,467
39,4
39,3
39,2
39,1
39,0
0,466
0,465
0,464
0,463
38,194
38,193
38,192
38,132
